2 0.07091346153846154 0.08653846153846154 0.07091346153846154 0.06009615384615385
2 0.21995192307692307 0.056490384615384616 0.06490384615384616 0.06850961538461539
2 0.35216346153846156 0.07091346153846154 0.06971153846153846 0.06370192307692307
2 0.5 0.07572115384615384 0.0733173076923077 0.0733173076923077
2 0.6442307692307693 0.07692307692307693 0.0673076923076923 0.06971153846153846
2 0.7764423076923077 0.08653846153846154 0.0673076923076923 0.07451923076923077
2 0.0733173076923077 0.2283653846153846 0.07091346153846154 0.07091346153846154
2 0.20552884615384615 0.23076923076923078 0.0673076923076923 0.0733173076923077
2 0.3605769230769231 0.21514423076923078 0.0733173076923077 0.06129807692307692
2 0.49399038461538464 0.23197115384615385 0.07211538461538461 0.06370192307692307
2 0.6418269230769231 0.22716346153846154 0.06971153846153846 0.06370192307692307
2 0.7836538461538461 0.21875 0.06610576923076923 0.06610576923076923
2 0.078125 0.3629807692307692 0.0673076923076923 0.06009615384615385
2 0.21634615384615385 0.36177884615384615 0.07572115384615384 0.07211538461538461
2 0.3581730769230769 0.3641826923076923 0.06971153846153846 0.0625
2 0.4963942307692308 0.375 0.07451923076923077 0.06490384615384616
2 0.6358173076923077 0.37259615384615385 0.07091346153846154 0.06370192307692307
2 0.7836538461538461 0.3641826923076923 0.06610576923076923 0.0625
2 0.7776442307692307 0.5024038461538461 0.06370192307692307 0.06129807692307692
2 0.4963942307692308 0.5144230769230769 0.0625 0.0625
2 0.35336538461538464 0.515625 0.06971153846153846 0.06971153846153846
2 0.21153846153846154 0.5120192307692307 0.06850961538461539 0.06610576923076923
2 0.0625 0.5024038461538461 0.06610576923076923 0.06610576923076923
2 0.06850961538461539 0.6586538461538461 0.07451923076923077 0.07091346153846154
2 0.3557692307692308 0.6502403846153846 0.07091346153846154 0.07211538461538461
2 0.5024038461538461 0.65625 0.06971153846153846 0.07091346153846154
2 0.6478365384615384 0.6418269230769231 0.0673076923076923 0.06610576923076923
2 0.7704326923076923 0.6598557692307693 0.0673076923076923 0.07091346153846154
2 0.7836538461538461 0.7932692307692307 0.07451923076923077 0.07091346153846154
2 0.6370192307692307 0.7848557692307693 0.08052884615384616 0.06850961538461539
2 0.4987980769230769 0.7932692307692307 0.06971153846153846 0.06850961538461539
2 0.35697115384615385 0.7944711538461539 0.07451923076923077 0.07091346153846154
2 0.2127403846153846 0.7920673076923077 0.0673076923076923 0.07091346153846154
2 0.07572115384615384 0.7956730769230769 0.0625 0.05889423076923077
2 0.06610576923076923 0.9338942307692307 0.07091346153846154 0.0733173076923077
2 0.20552884615384615 0.9375 0.07451923076923077 0.07091346153846154
2 0.6382211538461539 0.9362980769230769 0.06370192307692307 0.06610576923076923
2 0.7800480769230769 0.9326923076923077 0.06610576923076923 0.0625
0 0.203125 0.6430288461538461 0.078125 0.03485576923076923
0 0.35096153846153844 0.9254807692307693 0.07451923076923077 0.021634615384615384
0 0.4951923076923077 0.9338942307692307 0.078125 0.026442307692307692
2 0.9230769230769231 0.08173076923076923 0.07091346153846154 0.06610576923076923
2 0.9242788461538461 0.22355769230769232 0.0625 0.06129807692307692
2 0.9254807692307693 0.3713942307692308 0.06610576923076923 0.07211538461538461
0 0.9290865384615384 0.4879807692307692 0.0829326923076923 0.03365384615384615
2 0.921875 0.6418269230769231 0.06490384615384616 0.07451923076923077
2 0.9290865384615384 0.7944711538461539 0.0733173076923077 0.07211538461538461
0 0.9230769230769231 0.9362980769230769 0.07451923076923077 0.03365384615384615
0 0.6430288461538461 0.4987980769230769 0.07932692307692307 0.030048076923076924