1 0.24879807692307693 0.8762019230769231 0.09014423076923077 0.056490384615384616
2 0.07451923076923077 0.1310096153846154 0.07572115384615384 0.12259615384615384
2 0.2512019230769231 0.1310096153846154 0.078125 0.11538461538461539
2 0.41586538461538464 0.12980769230769232 0.08173076923076923 0.11778846153846154
2 0.5865384615384616 0.1310096153846154 0.08413461538461539 0.1141826923076923
2 0.5829326923076923 0.38822115384615385 0.08533653846153846 0.12860576923076922
2 0.4170673076923077 0.390625 0.09014423076923077 0.12620192307692307
2 0.24519230769230768 0.38822115384615385 0.08052884615384616 0.12379807692307693
2 0.078125 0.3894230769230769 0.08052884615384616 0.12740384615384615
2 0.08052884615384616 0.6466346153846154 0.08173076923076923 0.12620192307692307
2 0.24879807692307693 0.6430288461538461 0.078125 0.109375
2 0.41225961538461536 0.6442307692307693 0.08173076923076923 0.12259615384615384
2 0.5853365384615384 0.6478365384615384 0.07932692307692307 0.12379807692307693
2 0.07692307692307693 0.9050480769230769 0.07932692307692307 0.13221153846153846
2 0.4170673076923077 0.9026442307692307 0.07692307692307693 0.12379807692307693
2 0.5865384615384616 0.9026442307692307 0.08413461538461539 0.1201923076923077
2 0.7524038461538461 0.8942307692307693 0.0829326923076923 0.12620192307692307
2 0.9158653846153846 0.9038461538461539 0.07932692307692307 0.1310096153846154
2 0.9206730769230769 0.6454326923076923 0.08413461538461539 0.12379807692307693
2 0.7475961538461539 0.6454326923076923 0.08774038461538461 0.11778846153846154
2 0.7524038461538461 0.38822115384615385 0.07692307692307693 0.11298076923076923
2 0.9242788461538461 0.38822115384615385 0.0889423076923077 0.125
2 0.7487980769230769 0.13701923076923078 0.078125 0.12379807692307693
2 0.9206730769230769 0.12860576923076922 0.08653846153846154 0.11057692307692307