0 0.90625 0.19591346153846154 0.11899038461538461 0.046875
2 0.9026442307692307 0.5300480769230769 0.1201923076923077 0.15264423076923078
2 0.90625 0.8293269230769231 0.11177884615384616 0.15144230769230768
2 0.10216346153846154 0.23076923076923078 0.109375 0.16346153846153846
2 0.29927884615384615 0.23076923076923078 0.10697115384615384 0.16466346153846154
2 0.5024038461538461 0.21754807692307693 0.109375 0.14903846153846154
2 0.6935096153846154 0.22716346153846154 0.10336538461538461 0.15144230769230768
2 0.6995192307692307 0.5288461538461539 0.11057692307692307 0.16105769230769232
2 0.4951923076923077 0.5252403846153846 0.11538461538461539 0.15504807692307693
2 0.3004807692307692 0.5264423076923077 0.10697115384615384 0.15384615384615385
2 0.09254807692307693 0.53125 0.11057692307692307 0.16105769230769232
2 0.09735576923076923 0.8305288461538461 0.10817307692307693 0.1502403846153846
2 0.29927884615384615 0.8317307692307693 0.10817307692307693 0.14783653846153846
2 0.49278846153846156 0.8293269230769231 0.10576923076923077 0.14903846153846154
2 0.6959134615384616 0.8293269230769231 0.10697115384615384 0.15384615384615385