0 0.8774038461538461 0.11538461538461539 0.1658653846153846 0.04567307692307692
2 0.12139423076923077 0.14302884615384615 0.13221153846153846 0.12620192307692307
2 0.36658653846153844 0.1346153846153846 0.12860576923076922 0.1201923076923077
2 0.6129807692307693 0.140625 0.140625 0.1141826923076923
2 0.8810096153846154 0.390625 0.12620192307692307 0.11899038461538461
2 0.3737980769230769 0.3918269230769231 0.140625 0.1346153846153846
2 0.12259615384615384 0.39663461538461536 0.13701923076923078 0.13822115384615385
2 0.1141826923076923 0.6442307692307693 0.13822115384615385 0.14182692307692307
2 0.11778846153846154 0.90625 0.1502403846153846 0.14182692307692307
2 0.3737980769230769 0.9002403846153846 0.14182692307692307 0.13942307692307693
2 0.36778846153846156 0.6490384615384616 0.13822115384615385 0.13341346153846154
2 0.875 0.6490384615384616 0.13822115384615385 0.12980769230769232
2 0.8762019230769231 0.8990384615384616 0.12980769230769232 0.11778846153846154
2 0.6117788461538461 0.90625 0.13701923076923078 0.13822115384615385
2 0.6201923076923077 0.6466346153846154 0.14543269230769232 0.125
0 0.6189903846153846 0.36538461538461536 0.14543269230769232 0.04567307692307692