0 0.6298076923076923 0.3485576923076923 0.12980769230769232 0.046875
1 0.17908653846153846 0.5697115384615384 0.078125 0.06009615384615385
2 0.8918269230769231 0.8509615384615384 0.109375 0.10817307692307693
2 0.6201923076923077 0.8677884615384616 0.09975961538461539 0.1045673076923077
2 0.40024038461538464 0.8846153846153846 0.11538461538461539 0.12980769230769232
2 0.10817307692307693 0.8774038461538461 0.11899038461538461 0.125
2 0.38100961538461536 0.6213942307692307 0.10817307692307693 0.12379807692307693
2 0.6286057692307693 0.6033653846153846 0.09495192307692307 0.0985576923076923
2 0.8822115384615384 0.6165865384615384 0.09615384615384616 0.10096153846153846
2 0.9014423076923077 0.3076923076923077 0.0829326923076923 0.08533653846153846
2 0.3557692307692308 0.390625 0.11177884615384616 0.11057692307692307
2 0.125 0.3713942307692308 0.09495192307692307 0.09495192307692307
2 0.16105769230769232 0.09615384615384616 0.1346153846153846 0.1310096153846154
2 0.34615384615384615 0.12980769230769232 0.12620192307692307 0.12379807692307693
2 0.6442307692307693 0.09615384615384616 0.08653846153846154 0.09735576923076923
2 0.8701923076923077 0.1045673076923077 0.09615384615384616 0.0985576923076923