2 0.08173076923076923 0.09254807692307693 0.0889423076923077 0.08774038461538461
2 0.24639423076923078 0.08653846153846154 0.0889423076923077 0.08533653846153846
2 0.41586538461538464 0.09254807692307693 0.08533653846153846 0.08173076923076923
2 0.5769230769230769 0.09014423076923077 0.09254807692307693 0.07932692307692307
2 0.5817307692307693 0.24519230769230768 0.0829326923076923 0.07932692307692307
2 0.41586538461538464 0.2439903846153846 0.08533653846153846 0.08774038461538461
2 0.24759615384615385 0.2512019230769231 0.0829326923076923 0.0889423076923077
2 0.078125 0.24759615384615385 0.08653846153846154 0.08413461538461539
2 0.08774038461538461 0.4026442307692308 0.08653846153846154 0.08413461538461539
2 0.24759615384615385 0.4050480769230769 0.09134615384615384 0.09014423076923077
2 0.4170673076923077 0.40625 0.09254807692307693 0.08052884615384616
2 0.578125 0.4026442307692308 0.0889423076923077 0.09014423076923077
2 0.5829326923076923 0.5600961538461539 0.09014423076923077 0.07932692307692307
2 0.41225961538461536 0.5588942307692307 0.08533653846153846 0.07932692307692307
2 0.25 0.5625 0.09134615384615384 0.09375
2 0.08774038461538461 0.5576923076923077 0.08653846153846154 0.0829326923076923
2 0.0829326923076923 0.7151442307692307 0.07932692307692307 0.08052884615384616
2 0.24759615384615385 0.7127403846153846 0.0889423076923077 0.08173076923076923
2 0.4170673076923077 0.7151442307692307 0.0889423076923077 0.08173076923076923
2 0.578125 0.7163461538461539 0.08413461538461539 0.0889423076923077
2 0.08052884615384616 0.8737980769230769 0.0829326923076923 0.0889423076923077
2 0.24158653846153846 0.8737980769230769 0.07692307692307693 0.0829326923076923
2 0.4206730769230769 0.8725961538461539 0.0829326923076923 0.08774038461538461
2 0.5865384615384616 0.8725961538461539 0.09014423076923077 0.08774038461538461
2 0.7548076923076923 0.875 0.08653846153846154 0.08774038461538461
2 0.9158653846153846 0.8701923076923077 0.08413461538461539 0.09014423076923077
2 0.9242788461538461 0.7151442307692307 0.08533653846153846 0.08653846153846154
2 0.7487980769230769 0.7139423076923077 0.08774038461538461 0.07932692307692307
2 0.7512019230769231 0.5588942307692307 0.09014423076923077 0.08653846153846154
2 0.9146634615384616 0.5564903846153846 0.08774038461538461 0.0889423076923077
2 0.7584134615384616 0.4014423076923077 0.08173076923076923 0.08413461538461539
2 0.9158653846153846 0.40625 0.09014423076923077 0.08774038461538461
2 0.9182692307692307 0.2439903846153846 0.08413461538461539 0.07692307692307693
2 0.7536057692307693 0.24759615384615385 0.0889423076923077 0.0829326923076923
2 0.9170673076923077 0.09254807692307693 0.08653846153846154 0.07932692307692307