0 0.20793269230769232 0.06610576923076923 0.05889423076923077 0.03125
0 0.21995192307692307 0.24158653846153846 0.046875 0.027644230769230768
0 0.06850961538461539 0.43509615384615385 0.06129807692307692 0.03125
0 0.36177884615384615 0.6153846153846154 0.04927884615384615 0.03485576923076923
0 0.07211538461538461 0.7884615384615384 0.06610576923076923 0.03125
2 0.20552884615384615 0.8076923076923077 0.05048076923076923 0.07451923076923077
2 0.3545673076923077 0.8112980769230769 0.05048076923076923 0.06971153846153846
2 0.2091346153846154 0.6141826923076923 0.05048076923076923 0.06971153846153846
2 0.07211538461538461 0.6129807692307693 0.04567307692307692 0.0673076923076923
2 0.21394230769230768 0.44471153846153844 0.054086538461538464 0.0829326923076923
2 0.3557692307692308 0.43028846153846156 0.051682692307692304 0.0733173076923077
2 0.3581730769230769 0.25841346153846156 0.04567307692307692 0.07572115384615384
2 0.07451923076923077 0.25721153846153844 0.04927884615384615 0.06850961538461539
2 0.06850961538461539 0.06971153846153846 0.04567307692307692 0.06971153846153846
2 0.35216346153846156 0.0829326923076923 0.05048076923076923 0.078125
2 0.4963942307692308 0.07572115384615384 0.05048076923076923 0.06971153846153846
2 0.6310096153846154 0.07692307692307693 0.042067307692307696 0.06490384615384616
2 0.7860576923076923 0.07932692307692307 0.04927884615384615 0.07211538461538461
2 0.4987980769230769 0.24759615384615385 0.04447115384615385 0.07572115384615384
2 0.6490384615384616 0.44471153846153844 0.05889423076923077 0.07692307692307693
2 0.7932692307692307 0.4387019230769231 0.042067307692307696 0.07692307692307693
0 0.6478365384615384 0.2403846153846154 0.054086538461538464 0.028846153846153848
0 0.7860576923076923 0.2403846153846154 0.056490384615384616 0.026442307692307692
0 0.4987980769230769 0.6129807692307693 0.057692307692307696 0.02403846153846154
0 0.6370192307692307 0.6069711538461539 0.06009615384615385 0.028846153846153848
2 0.7908653846153846 0.6213942307692307 0.04927884615384615 0.0733173076923077
2 0.7860576923076923 0.8040865384615384 0.052884615384615384 0.07932692307692307
2 0.6466346153846154 0.8004807692307693 0.04927884615384615 0.0673076923076923
2 0.5 0.8112980769230769 0.04927884615384615 0.06129807692307692
0 0.9278846153846154 0.7824519230769231 0.057692307692307696 0.027644230769230768
0 0.9254807692307693 0.6141826923076923 0.055288461538461536 0.027644230769230768
0 0.9290865384615384 0.421875 0.057692307692307696 0.026442307692307692
0 0.9266826923076923 0.06490384615384616 0.054086538461538464 0.025240384615384616
2 0.9254807692307693 0.26322115384615385 0.046875 0.0673076923076923