0 0.9266826923076923 0.3389423076923077 0.042067307692307696 0.025240384615384616
0 0.3545673076923077 0.34134615384615385 0.04326923076923077 0.028846153846153848
0 0.07211538461538461 0.3401442307692308 0.04927884615384615 0.026442307692307692
2 0.06971153846153846 0.1045673076923077 0.04567307692307692 0.08173076923076923
2 0.21514423076923078 0.09615384615384616 0.042067307692307696 0.07211538461538461
2 0.3581730769230769 0.11057692307692307 0.04567307692307692 0.08052884615384616
2 0.5012019230769231 0.10096153846153846 0.04447115384615385 0.08173076923076923
2 0.21033653846153846 0.3401442307692308 0.04447115384615385 0.07932692307692307
2 0.5 0.36538461538461536 0.040865384615384616 0.07932692307692307
2 0.4963942307692308 0.6045673076923077 0.039663461538461536 0.08052884615384616
2 0.35216346153846156 0.5961538461538461 0.046875 0.0889423076923077
2 0.2091346153846154 0.5961538461538461 0.046875 0.08653846153846154
2 0.07091346153846154 0.6189903846153846 0.04567307692307692 0.10216346153846154
2 0.056490384615384616 0.8713942307692307 0.04807692307692308 0.08052884615384616
2 0.21394230769230768 0.8521634615384616 0.051682692307692304 0.08173076923076923
2 0.3581730769230769 0.8774038461538461 0.04567307692307692 0.08413461538461539
2 0.49759615384615385 0.8533653846153846 0.046875 0.10336538461538461
2 0.6430288461538461 0.8473557692307693 0.037259615384615384 0.07692307692307693
2 0.7872596153846154 0.8677884615384616 0.046875 0.0889423076923077
2 0.9314903846153846 0.8509615384615384 0.046875 0.10216346153846154
2 0.9290865384615384 0.6141826923076923 0.04807692307692308 0.08774038461538461
2 0.7848557692307693 0.6105769230769231 0.04567307692307692 0.078125
2 0.6430288461538461 0.6069711538461539 0.04927884615384615 0.09254807692307693
2 0.6466346153846154 0.36658653846153844 0.04567307692307692 0.08052884615384616
2 0.7848557692307693 0.35336538461538464 0.04326923076923077 0.08413461538461539
2 0.640625 0.10817307692307693 0.05048076923076923 0.09134615384615384
2 0.7860576923076923 0.10216346153846154 0.040865384615384616 0.07692307692307693
2 0.9302884615384616 0.10697115384615384 0.046875 0.08052884615384616