0 0.040007 0.244547 0.080014 0.073961
0 0.252934 0.211192 0.109353 0.047857
0 0.481863 0.203941 0.103129 0.065260
0 0.719535 0.149557 0.113798 0.069610
0 0.938685 0.167685 0.104018 0.059459
0 0.944909 0.839620 0.096906 0.062359
0 0.719091 0.865724 0.093350 0.059459
0 0.486605 0.850496 0.106686 0.058009
0 0.386143 0.556102 0.112020 0.063810
0 0.148915 0.527823 0.088016 0.065260
0 0.084459 0.770009 0.097795 0.065260
2 0.264491 0.840345 0.098684 0.130520
2 0.605885 0.536524 0.093350 0.140671
2 0.864450 0.494468 0.096017 0.152273