2 0.109870 0.068804 0.163607 0.084907
2 0.493603 0.082345 0.148734 0.078319
2 0.683238 0.082711 0.150221 0.077587
2 0.117306 0.201654 0.139810 0.076856
2 0.496577 0.208974 0.118987 0.079783
2 0.691419 0.204216 0.148734 0.077587
2 0.881054 0.207510 0.144272 0.088567
2 0.881054 0.087469 0.111550 0.075392
2 0.306198 0.215927 0.142784 0.077587
0 0.312148 0.077221 0.148734 0.032938
0 0.679520 0.307056 0.181455 0.032938
0 0.309173 0.317669 0.178480 0.035134
0 0.495090 0.559947 0.151708 0.030742
0 0.107639 0.684380 0.165094 0.029278
0 0.497321 0.678890 0.162120 0.031474
0 0.882541 0.792344 0.138322 0.032938
0 0.686213 0.808813 0.156170 0.024887
0 0.872874 0.907871 0.181455 0.036598
2 0.124743 0.335968 0.124936 0.077587
2 0.495834 0.327917 0.138322 0.074660
2 0.880310 0.320963 0.118987 0.069536
2 0.883285 0.446860 0.121962 0.072464
2 0.686213 0.441004 0.150221 0.072464
2 0.298018 0.449056 0.138322 0.076856
2 0.117306 0.446128 0.157658 0.075392
2 0.115075 0.574586 0.141297 0.068804
2 0.302480 0.577514 0.132373 0.074660
2 0.687700 0.577148 0.141297 0.069536
2 0.878079 0.570195 0.138322 0.067340
2 0.879567 0.690968 0.150221 0.073196
2 0.686213 0.691700 0.141297 0.080515
2 0.312148 0.697921 0.154683 0.068072
2 0.491372 0.819060 0.138322 0.065876
2 0.280913 0.817962 0.121962 0.063680
2 0.114332 0.819426 0.151708 0.072464
2 0.482448 0.938369 0.174018 0.087835
2 0.693650 0.933124 0.147246 0.069536
2 0.301736 0.942273 0.181455 0.067340
2 0.106895 0.929830 0.145759 0.077587
1 0.495834 0.440150 0.150221 0.029278